%YAML:1.0

#common parameters
#support: 1 imu 1 cam; 1 imu 2 cam: 2 cam; 
imu: 1
num_of_cam: 2


imu_topic: "/px4_imu/mavros/imu/data_raw"
image0_topic: "/camera/infra1/image_rect_raw"
image1_topic: "/camera/infra2/image_rect_raw"




output_path: "/home/qyswarm/vins_output"


cam0_calib: "left.yaml"
cam1_calib: "right.yaml"
image_width: 640
image_height: 480

# swarm offset option
x_swarm_offset: 0.0
y_swarm_offset: 0.0

# Extrinsic parameter between IMU and Camera.
estimate_extrinsic: 0   # 0  Have an accurate extrinsic parameters. We will trust the following imu^R_cam, imu^T_cam, don't change it.
                        # 1  Have an initial guess about extrinsic parameters. We will optimize around your initial guess.

body_T_cam0: !!opencv-matrix
   rows: 4
   cols: 4
   dt: d
   data: [ -1.1202078930300741e-01, 3.1012374922432584e-02,
       9.9322181579222391e-01, 1.4240055080537473e-01,
       -9.9346407023302696e-01, 1.8552854733867585e-02,
       -1.1262740668794496e-01, -9.6116669890970133e-02,
       -2.1919943429649313e-02, -9.9934679875551469e-01,
       2.8731374786920449e-02, 9.5033754958303730e-03, 0., 0., 0., 1. ]
body_T_cam1: !!opencv-matrix
   rows: 4
   cols: 4
   dt: d
   data: [ -1.1217005254409829e-01, 3.1399483296683128e-02,
       9.9319280694181211e-01, 1.3764143778349427e-01,
       -9.9344537685364953e-01, 1.8588800706977660e-02,
       -1.1278625668221581e-01, -1.4598722371708925e-01,
       -2.2003693334633756e-02, -9.9933404271893878e-01,
       2.9108564764649847e-02, 8.2540710134940218e-03, 0., 0., 0., 1. ]




#Multiple thread support
multiple_thread: 1

#feature traker paprameters
max_cnt: 150            # max feature number in feature tracking
min_dist: 30            # min distance between two features 
freq: 10                # frequence (Hz) of publish tracking result. At least 10Hz for good estimation. If set 0, the frequence will be same as raw image 
F_threshold: 1.0        # ransac threshold (pixel)
show_track: 1           # publish tracking image as topic
flow_back: 1            # perform forward and backward optical flow to improve feature tracking accuracy

#optimization parameters
max_solver_time: 0.04  # max solver itration time (ms), to guarantee real time
max_num_iterations: 8   # max solver itrations, to guarantee real time
keyframe_parallax: 10.0 # keyframe selection threshold (pixel)

#imu parameters       The more accurate parameters you provide, the better performance
acc_n: 0.1          # accelerometer measurement noise standard deviation. #0.2   0.04
gyr_n: 0.01         # gyroscope measurement noise standard deviation.     #0.05  0.004
acc_w: 0.001         # accelerometer bias random work noise standard deviation.  #0.002
gyr_w: 0.0001       # gyroscope bias random work noise standard deviation.     #4.0e-5
g_norm: 9.805         # gravity magnitude

#unsynchronization parameters
estimate_td: 1                      # online estimate time offset between camera and imu
td: -0.01               # initial value of time offset. unit: s. readed image clock + td = real image clock (IMU clock)

#loop closure parameters
load_previous_pose_graph: 0        # load and reuse previous pose graph; load from 'pose_graph_save_path'
pose_graph_save_path: "/home/ll/vins_output/save_files/pose_graph" # save and load path
save_image: 1                   # save image in pose graph for visualization prupose; you can close this function by setting 0 

